A =

   1   2   3
   4   5   6
   7   8   9

Determinant je 0.000000
b =

   4
   5
   6

x =

   Inf
   Inf
   Inf

